1,2,122
1,5878,459
1,8059,77
1,8072,93
2,1,122
2,1114,52
2,3,68
3,1095,74
3,2,68
3,1060,105
3,8059,28
4,8067,291
4,2156,66
4,4169,97
5,1071,96
5,5076,91
5,5077,63
5,8067,29
6,7,174
6,8,182
6,3844,275
7,6,174
7,4050,241
7,4051,269
8,6,182
8,4041,179
8,4050,164
9,10,92
9,11,310
9,1044,443
9,1070,477
9,1888,645
9,5186,645
9,6537,610
10,9,92
10,4220,43
10,4222,262
11,9,310
11,1043,622
11,1044,199
12,13,448
12,14,450
12,8796,48
13,12,448
13,775,105
13,1002,637
14,12,450
14,1004,89
14,8649,435
14,776,370
14,1145,104
15,16,540
15,239,685
15,8522,539
15,656,160
15,1902,601
16,15,540
16,1045,829
16,1906,848
16,8383,764
17,8523,737
17,8582,45
17,19,124
17,1978,81
18,1897,251
18,7605,127
18,19,701
18,8582,665
19,18,701
19,20,480
19,1978,86
19,17,124
19,8582,89
20,19,480
20,1054,506
20,7609,142
21,22,516
21,1470,236
21,2958,154
21,8417,250
21,165,89
21,4117,319
21,5897,163
22,21,516
22,442,274
22,5227,90
22,8509,53
22,8505,74
22,1213,69
22,1608,260
22,5895,296
23,24,309
23,2005,241
23,1726,219
23,32,415
23,425,63
23,437,100
23,3243,163
24,23,309
24,32,101
24,5102,81
25,26,233
25,1914,111
25,8398,37
25,33,558
25,94,186
25,1335,318
26,25,233
26,33,332
27,28,50
27,1911,68
27,8399,122
28,27,50
28,1326,129
28,1912,113
29,31,96
29,32,483
29,8407,65
29,1304,281
30,3235,261
30,8406,60
30,8413,87
31,29,96
31,34,67
31,35,242
31,36,221
32,24,101
32,29,483
32,2006,54
32,23,415
32,1304,220
33,26,332
33,2002,296
33,25,558
33,1335,249
33,1726,292
33,8392,36
33,5117,146
34,31,67
34,8502,101
35,31,242
35,2072,68
36,31,221
36,5109,161
36,2006,324
36,5078,226
37,38,455
37,39,163
37,5342,117
37,8347,189
37,5476,135
38,37,455
38,368,49
38,8269,138
39,37,163
39,5344,158
39,5343,117
40,41,131
40,8238,35
40,8239,130
40,8333,153
41,40,131
41,371,310
41,184,274
42,91,99
42,8226,48
42,8239,290
43,44,71
43,194,262
43,2274,129
43,8221,39
43,4419,70
43,4575,217
43,8220,338
44,43,71
44,4418,373
45,46,293
45,47,61
45,48,160
45,49,224
46,45,293
46,51,90
46,8372,159
47,45,61
47,68,61
47,60,160
48,45,160
48,59,60
48,60,62
49,45,224
49,190,255
49,8230,98
50,5344,111
50,7919,134
50,8372,40
51,46,90
51,4438,269
52,53,364
52,5027,139
52,55,297
52,8237,43
52,184,149
52,186,274
52,253,110
53,52,364
53,185,289
54,55,292
54,56,290
54,85,454
54,86,267
54,5341,130
55,52,297
55,54,292
55,251,304
55,253,182
56,54,290
56,187,104
56,188,150
57,5341,287
57,8346,224
57,8345,151
58,5342,143
58,8345,29
59,48,60
59,191,113
60,47,160
60,48,62
60,67,63
61,62,137
61,63,160
61,64,196
61,65,266
62,61,137
62,4439,58
62,4438,168
63,61,160
63,66,72
63,4438,118
64,61,196
64,4434,130
64,4440,177
65,61,266
65,4433,68
65,2707,63
66,63,72
66,2889,83
66,5337,140
67,60,63
67,4437,121
67,4439,63
68,47,61
68,4438,132
68,4437,54
69,3297,95
69,2272,52
69,2915,246
69,8222,39
69,194,321
69,2271,598
69,4572,233
70,2447,151
70,8223,71
70,8222,120
71,72,100
71,73,253
71,195,92
71,99,722
71,2044,262
72,71,100
72,242,163
72,213,214
72,243,217
73,71,253
73,212,490
73,213,244
73,214,89
74,75,384
74,115,275
74,95,327
74,254,171
74,1761,75
74,5380,168
75,74,384
75,4451,74
75,2025,401
76,3311,226
76,2446,405
76,8404,37
77,2550,169
77,8404,86
78,79,277
78,80,270
78,81,332
78,82,259
79,78,277
79,5371,67
80,78,270
80,3409,284
80,8396,260
81,78,332
81,2552,105
82,78,259
82,3296,52
82,3378,53
82,8408,340
83,4650,261
83,8410,411
83,8400,308
83,8408,29
84,4651,108
84,2489,303
84,7600,133
84,8390,16
84,8410,242
84,88,706
84,105,246
84,5185,225
85,54,454
85,86,188
85,87,200
85,2414,188
85,5482,162
85,5481,147
85,2687,551
86,85,188
86,533,222
86,54,267
87,85,200
87,189,97
87,533,125
88,96,183
88,84,706
88,197,159
88,8391,24
88,90,120
88,4887,180
89,181,137
89,8391,239
90,88,120
90,6859,123
90,4652,517
90,8390,582
91,42,99
91,372,319
91,457,89
92,2275,232
92,5416,127
92,8226,118
93,94,715
93,4474,339
93,2490,113
93,2489,76
94,93,715
94,2308,421
94,25,186
94,104,198
94,1338,246
94,4475,59
94,227,271
94,1914,87
94,4520,190
95,74,327
95,2050,283
95,3315,226
95,255,218
95,8411,157
95,181,304
95,204,104
95,5158,412
96,88,183
96,2488,169
96,5157,432
96,2476,156
96,2478,165
97,397,108
97,8400,312
98,99,138
98,8397,280
98,227,66
98,4475,197
99,98,138
99,71,722
100,101,198
100,222,360
100,260,187
100,8397,33
101,100,198
101,102,119
101,103,95
101,227,267
102,101,119
102,223,117
102,256,246
103,101,95
103,3242,239
103,215,365
104,94,198
104,105,649
104,4476,326
104,1329,121
105,104,649
105,84,246
105,5163,145
105,5164,128
106,107,74
106,108,186
106,109,169
106,110,123
107,106,74
107,1329,100
107,5171,169
108,106,186
108,5171,70
108,5170,156
108,5166,140
108,5165,220
109,106,169
109,112,152
109,5393,95
109,407,87
110,106,123
110,111,115
110,112,142
110,1327,58
111,110,115
111,1338,101
111,1327,135
111,1329,169
112,109,152
112,110,142
112,406,136
113,114,445
113,190,573
113,8219,149
113,8220,35
114,113,445
114,115,158
115,74,275
115,114,158
115,116,62
115,181,536
115,411,363
116,115,62
116,5380,47
117,118,232
117,292,178
117,447,181
117,283,242
118,117,232
118,305,200
118,357,161
118,294,156
119,120,187
119,1997,265
119,8506,63
119,8508,76
119,452,139
119,1683,377
119,2775,106
119,3164,112
120,119,187
120,2777,157
120,447,460
121,122,1039
121,123,593
121,1455,868
122,121,1039
122,124,7718
122,1509,1071
123,121,593
123,8252,1266
123,734,723
124,122,7718
124,125,1040
124,126,675
125,124,1040
125,731,236
125,610,579
126,124,675
126,477,4522
126,730,805
127,1313,78
127,5465,134
127,5467,92
127,8502,24
128,1312,120
128,8451,29
128,1744,147
129,130,214
129,8489,29
129,8451,226
130,129,214
130,1746,150
130,5324,119
130,8451,118
131,1734,183
131,2775,130
131,8426,39
131,133,151
131,2772,258
132,1998,146
132,3314,150
132,8426,308
133,2056,154
133,131,151
133,4766,96
133,8426,128
134,135,133
134,136,640
134,1457,612
135,134,133
135,235,149
135,236,202
136,134,640
136,4601,180
136,138,203
137,138,66
137,139,313
137,1671,319
137,8424,26
137,5875,293
137,8425,76
138,136,203
138,137,66
138,4603,128
139,137,313
139,6305,195
139,6310,393
140,141,99
140,142,211
140,2228,251
141,140,99
141,153,122
141,146,154
141,147,91
141,143,286
142,140,211
142,143,112
142,1898,106
142,1899,317
142,8530,603
142,1900,269
143,141,286
143,142,112
143,146,137
143,145,133
143,2919,126
144,656,387
144,2923,589
144,6297,278
144,8522,20
144,8530,211
145,143,133
145,2923,127
145,3181,132
146,141,154
146,143,137
147,141,91
147,148,732
147,1905,122
148,147,732
148,149,114
148,3183,167
149,148,114
149,3188,63
149,1906,181
150,152,166
150,239,363
150,8389,308
151,237,459
151,1865,325
151,8389,19
151,402,404
151,8401,530
152,150,166
152,240,356
152,4588,209
152,400,444
153,141,122
153,2228,218
154,155,320
154,657,636
154,1680,310
155,154,320
155,2086,430
155,2154,565
156,157,1252
157,156,1252
157,4592,935
157,7114,79
158,159,92
158,5698,267
158,5699,307
158,4616,138
158,4624,137
159,158,92
159,5754,85
159,5755,72
160,161,210
160,1238,263
160,1464,124
160,1597,203
161,160,210
161,1593,132
161,1597,74
162,1594,192
162,2420,227
162,8420,19
162,1583,193
163,1596,314
163,1219,204
163,8420,220
163,1581,481
164,165,225
164,1931,70
164,166,87
165,164,225
165,21,89
165,1949,77
166,164,87
166,1866,135
166,1607,196
166,8421,39
166,1470,171
166,1586,128
166,1609,186
167,168,77
167,1585,104
167,1238,249
167,8421,215
167,8427,243
168,167,77
168,3173,42
168,1928,77
169,170,70
169,208,561
169,423,161
169,245,175
169,3227,57
170,169,70
170,4206,120
170,245,113
171,172,77
171,173,221
171,8388,376
171,421,220
171,8455,122
172,171,77
172,173,274
172,8455,46
173,171,221
173,172,274
173,1814,114
174,1845,281
174,416,256
174,1745,128
174,1749,164
174,8459,268
175,176,128
175,1573,247
175,1589,137
175,8422,269
176,175,128
176,178,115
177,241,406
177,8422,26
177,180,238
178,176,115
178,179,54
178,180,296
179,178,54
179,1685,308
180,178,296
180,1684,92
180,177,238
181,89,137
181,115,536
181,95,304
182,183,69
182,184,336
182,4648,74
183,182,69
183,371,106
183,5428,64
184,41,274
184,182,336
184,52,149
185,53,289
185,1210,124
185,4648,91
185,8393,15
185,458,206
185,5424,88
186,52,274
186,251,326
186,4637,118
186,1092,388
186,5027,129
187,56,104
187,531,92
187,533,157
188,56,150
188,7019,162
188,252,103
189,87,97
189,531,274
189,532,399
190,49,255
190,113,573
190,191,239
191,59,113
191,190,239
191,192,158
191,193,299
192,191,158
192,2707,206
193,191,299
193,4303,129
193,4284,372
193,4285,152
193,1124,218
193,1106,296
193,4408,129
194,43,262
194,412,124
194,69,321
195,71,92
195,196,124
196,195,124
196,249,56
196,250,135
197,88,159
197,4421,454
197,4422,113
198,199,88
198,200,419
198,2270,110
198,8224,28
198,8214,566
199,198,88
199,4787,116
199,5364,71
200,198,419
200,8214,146
201,202,302
201,238,834
201,621,549
201,8214,135
201,1081,305
201,4116,503
201,8215,429
202,201,302
202,4857,55
203,2053,145
203,205,472
203,4649,138
203,2026,342
203,8411,262
203,8412,356
203,255,226
203,1769,191
204,95,104
204,270,112
204,2053,187
204,8411,106
205,203,472
205,206,151
205,207,133
206,205,151
206,1755,361
206,1752,142
207,205,133
207,1757,209
207,1758,352
207,8393,238
207,4198,379
208,169,561
208,209,324
208,210,160
208,211,129
209,208,324
209,221,260
209,8387,39
209,263,174
210,208,160
210,212,57
210,248,253
211,208,129
211,423,489
211,422,302
211,424,65
212,73,490
212,210,57
212,422,110
213,72,214
213,73,244
213,244,91
214,73,89
214,2042,45
214,422,519
215,103,365
215,216,96
215,217,111
215,218,160
216,215,96
216,1340,108
216,1341,221
216,1342,189
217,215,111
217,3241,114
217,459,114
218,215,160
218,225,198
218,1342,95
219,220,98
219,221,209
219,432,844
219,3231,115
220,219,98
220,262,204
220,418,118
220,1727,132
221,209,260
221,219,209
221,262,120
221,263,85
222,100,360
222,3245,130
222,420,60
222,5103,202
223,102,117
223,3245,256
224,3232,120
224,225,157
225,218,198
225,224,157
225,226,88
226,225,88
226,1342,173
226,435,61
227,101,267
227,94,271
227,98,66
227,3242,130
228,229,112
228,230,120
228,231,108
229,228,112
229,232,135
229,233,50
230,228,120
230,5101,131
230,232,88
230,5105,136
231,228,108
231,5101,74
231,3161,98
231,1999,151
232,229,135
232,230,88
232,440,53
232,439,185
233,229,50
233,441,146
233,1608,266
233,8392,491
234,1996,190
234,8392,488
234,442,260
234,1322,188
235,135,149
235,1469,333
235,8510,135
236,135,202
236,8510,58
236,1242,539
237,151,459
237,1465,162
237,4139,387
238,201,834
238,383,367
238,8085,238
239,15,685
239,150,363
239,240,190
239,1901,51
239,1902,115
240,152,356
240,239,190
240,8383,92
241,177,406
241,1735,70
241,1736,244
241,8440,235
242,72,163
242,260,59
243,72,217
244,213,91
244,5104,170
244,3238,76
245,170,113
245,246,106
245,169,175
245,8498,382
245,8388,156
246,245,106
246,8388,41
247,2054,194
247,1408,332
247,1478,442
247,1489,105
247,8498,387
247,1490,100
247,7148,765
247,8518,189
248,210,253
248,268,221
248,8387,29
248,264,157
249,196,56
249,2478,143
249,2480,139
250,196,135
250,376,175
250,2484,88
250,2480,95
251,55,304
251,186,326
251,252,77
252,188,103
252,251,77
252,6877,140
253,55,182
253,52,110
254,74,171
254,255,189
254,5418,149
255,95,218
255,254,189
255,203,226
256,102,246
256,257,89
256,259,70
257,256,89
257,258,69
257,259,48
258,257,69
259,256,70
259,257,48
260,242,59
260,100,187
260,8386,51
261,2566,85
261,8386,70
262,220,204
262,221,120
262,267,117
262,265,95
263,221,85
263,264,44
263,209,174
264,263,44
264,265,90
264,248,157
265,262,95
265,264,90
265,266,118
266,265,118
266,3237,45
266,267,98
267,262,117
267,266,98
267,3236,132
267,418,193
268,248,221
268,3237,101
268,3238,130
269,270,70
269,271,183
270,204,112
270,269,70
270,2051,191
271,269,183
271,1755,46
271,2052,103
272,273,257
272,274,262
272,1730,179
272,1731,151
272,346,366
273,272,257
273,1627,142
273,275,432
273,1730,189
273,767,738
273,1620,180
273,1626,381
273,1628,976
274,272,262
274,8434,382
274,8490,403
275,273,432
275,1682,219
275,291,212
275,354,189
275,1626,86
275,353,213
275,4537,218
276,277,180
276,1229,395
276,278,207
276,279,95
277,276,180
277,336,190
277,1806,172
277,334,198
278,276,207
278,279,121
278,1605,226
278,7427,94
278,7420,181
278,7421,86
278,2096,117
278,342,204
278,1806,220
278,4263,213
279,278,121
279,276,95
279,7424,87
280,281,267
280,750,260
280,1612,273
280,3343,638
280,8535,49
280,1604,60
280,2040,250
281,280,267
281,753,117
281,1603,80
281,1604,217
281,8441,271
282,283,192
282,1586,125
282,1587,92
282,445,119
282,1866,123
283,117,242
283,282,192
283,290,141
283,286,202
284,285,107
284,286,198
284,287,172
284,1587,119
284,1610,118
285,284,107
285,287,121
285,2034,156
285,2036,206
286,284,198
286,292,224
286,283,202
286,2036,116
287,284,172
287,285,121
287,359,177
288,289,81
288,353,201
288,5155,147
288,8439,39
288,291,189
288,1622,172
288,7228,90
289,288,81
289,4663,116
289,1606,234
290,283,141
290,445,203
290,443,195
290,449,240
290,447,240
291,275,212
291,288,189
292,117,178
292,286,224
292,293,173
292,294,193
292,3300,202
293,292,173
293,3300,51
293,3298,186
293,309,156
294,118,156
294,292,193
294,309,181
295,296,132
295,297,50
295,298,94
295,299,56
296,295,132
296,302,82
296,347,171
297,295,50
297,5271,94
297,330,136
298,295,94
298,5271,54
298,344,91
299,295,56
299,339,185
299,340,103
300,301,86
300,302,243
300,303,144
300,355,108
301,300,86
301,4721,107
301,4722,100
302,296,82
302,300,243
302,347,88
302,304,150
303,300,144
303,304,239
303,1731,207
303,8437,33
304,303,239
304,340,213
304,302,150
304,346,226
305,118,200
305,306,135
305,307,297
305,8456,355
305,1588,82
305,4658,83
306,305,135
306,5461,125
306,8423,164
307,305,297
307,308,100
307,311,194
307,1738,189
307,5527,78
308,307,100
308,313,127
308,309,108
309,294,181
309,308,108
309,310,181
309,293,156
310,309,181
310,313,162
310,314,224
310,3298,150
311,307,194
311,312,71
311,4659,121
311,4660,135
311,313,155
311,316,232
312,311,71
312,5527,45
312,313,105
313,308,127
313,310,162
313,312,105
313,311,155
313,5527,151
314,310,224
314,317,91
314,318,56
315,559,52
315,560,179
315,561,53
315,8440,162
315,2033,137
316,317,106
316,311,232
316,320,124
316,4661,144
316,4660,97
317,314,91
317,316,106
317,5529,58
318,314,56
318,324,42
318,5529,88
319,320,111
319,321,102
319,338,200
320,316,124
320,319,111
320,5528,140
320,2031,136
321,319,102
321,322,81
321,5528,98
322,321,81
322,323,69
322,324,115
322,325,184
323,322,69
323,3309,185
323,329,126
324,318,42
324,322,115
324,5528,102
325,322,184
325,3309,63
325,3310,81
325,3299,221
326,327,76
326,328,218
326,332,190
326,3310,107
327,326,76
327,1767,109
327,4486,126
328,326,218
328,363,80
328,364,155
328,3299,184
329,323,126
329,330,172
329,331,197
329,8432,149
330,297,136
330,329,172
330,339,60
330,333,187
331,329,197
331,332,198
331,333,169
331,3309,127
331,4488,78
332,331,198
332,334,196
332,4488,119
332,326,190
332,343,170
332,4487,114
333,331,169
333,330,187
333,3304,139
333,343,187
334,277,198
334,332,196
334,335,170
334,4487,82
334,1768,82
335,334,170
335,1806,181
335,342,194
336,277,190
336,1237,194
336,1236,167
336,362,275
336,1767,184
337,338,192
337,340,187
337,4662,95
337,339,106
338,319,200
338,337,192
338,2033,145
338,8432,29
338,8464,990
338,1957,1022
338,4727,110
339,299,185
339,330,60
339,337,106
340,299,103
340,304,213
340,337,187
340,1732,232
341,342,185
341,343,195
341,344,188
341,348,206
342,278,204
342,335,194
342,341,185
342,345,107
343,341,195
343,333,187
343,332,170
344,298,91
344,341,188
344,3304,57
344,356,207
345,342,107
345,2096,182
345,349,104
346,272,366
346,304,226
346,1732,205
346,559,573
346,1731,217
347,296,171
347,302,88
347,356,98
348,349,182
348,341,206
348,352,258
348,356,188
349,345,104
349,348,182
349,350,148
349,351,143
350,349,148
350,1605,66
350,4257,80
351,349,143
351,1623,133
351,4257,172
351,8439,151
352,354,184
352,353,98
352,348,258
352,8439,181
353,288,201
353,352,98
353,275,213
354,275,189
354,352,184
354,355,83
354,356,249
355,354,83
355,4721,77
355,300,108
356,344,207
356,347,98
356,354,249
356,348,188
357,118,161
357,5461,106
357,1953,68
358,359,199
358,360,49
358,2034,49
359,287,177
359,358,199
359,362,169
359,1234,335
359,8431,155
359,1237,254
360,358,49
360,361,81
360,366,191
361,360,81
361,362,190
361,1767,273
361,364,127
362,359,169
362,361,190
362,336,275
363,328,80
363,365,212
363,366,86
363,364,79
364,328,155
364,361,127
364,363,79
365,363,212
365,3298,135
365,3299,88
366,360,191
366,363,86
366,2035,96
367,2409,82
367,2410,160
367,8269,16
367,2163,369
368,38,49
368,4495,131
369,370,124
369,784,64
369,785,156
369,786,242
369,4435,202
370,369,124
370,2706,76
370,4436,165
371,41,310
371,183,106
371,372,225
371,373,78
372,91,319
372,371,225
372,5421,174
373,371,78
373,5425,85
373,5426,123
373,5428,57
374,375,110
374,376,173
374,2490,96
374,4523,232
375,374,110
375,2485,96
376,250,175
376,374,173
376,2483,110
376,2484,103
377,379,104
377,380,298
377,8085,27
378,4116,345
378,4115,100
378,4114,170
378,8085,247
379,377,104
379,381,207
379,4113,146
379,4114,107
380,377,298
380,382,204
380,383,206
381,379,207
381,4110,168
381,4112,152
382,380,204
382,389,212
382,1046,226
382,1049,1761
383,238,367
383,380,206
383,384,482
383,385,359
384,383,482
384,386,406
384,387,197
385,383,359
385,389,367
385,390,465
386,384,406
386,388,99
386,387,419
387,384,197
387,386,419
388,386,99
388,2555,196
388,8215,31
388,8395,538
388,1939,253
389,382,212
389,385,367
389,8216,45
390,385,465
390,391,69
391,390,69
391,392,188
391,5877,169
391,1937,398
392,391,188
392,393,44
392,394,158
393,392,44
393,7133,75
393,7134,75
394,392,158
394,1937,184
394,7183,118
395,396,148
395,397,304
395,398,279
396,395,148
396,2581,423
396,1938,207
397,97,108
397,395,304
397,399,294
397,408,97
397,401,429
397,2582,440
397,3407,107
398,395,279
398,401,332
398,8382,20
399,397,294
399,7184,288
400,152,444
400,8382,188
401,397,429
401,398,332
401,402,292
401,403,304
401,2898,270
402,401,292
402,151,404
402,2900,91
402,4581,227
402,7773,126
403,401,304
403,4580,136
403,404,289
404,403,289
404,405,314
404,406,257
404,407,172
405,404,314
405,4650,99
405,5159,133
406,112,136
406,404,257
406,1336,226
406,1337,81
407,109,87
407,404,172
407,5169,121
408,397,97
408,8400,322
409,410,226
409,411,272
409,414,318
410,409,226
410,415,131
410,413,438
411,115,363
411,409,272
411,3293,119
411,4417,61
411,4418,119
411,4421,60
412,194,124
412,415,57
412,2447,184
413,410,438
413,414,78
413,8223,217
414,409,318
414,413,78
414,3308,94
414,8403,37
415,410,131
415,412,57
415,2447,174
416,174,256
416,2007,224
416,8459,16
416,2070,76
417,8450,164
417,8459,80
418,220,118
418,267,193
418,419,50
418,420,131
419,418,50
419,2010,160
419,2011,175
420,222,60
420,418,131
420,2011,126
421,171,220
421,8388,158
422,211,302
422,212,110
422,214,519
422,2046,136
423,169,161
423,211,489
423,1756,187
423,3227,118
423,3228,147
423,4201,210
424,211,65
424,1751,137
424,5176,152
424,8409,46
425,426,72
425,23,63
425,1340,134
426,425,72
426,5836,84
427,428,119
427,434,106
427,435,84
428,427,119
428,3234,75
428,429,68
429,428,68
429,430,84
429,431,62
430,429,84
430,5373,67
430,436,65
430,3233,170
431,429,62
431,5373,71
432,219,844
432,433,281
432,8413,13
433,432,281
433,3231,447
433,3232,330
434,427,106
434,3234,78
434,8413,263
435,226,61
435,427,84
435,436,64
436,430,65
436,435,64
436,1339,180
437,23,100
437,438,95
437,2000,74
438,437,95
438,3158,71
438,3160,204
439,232,185
439,440,107
439,5105,123
439,3162,196
439,1608,141
440,232,53
440,439,107
440,441,91
441,233,146
441,440,91
441,1608,121
442,22,274
442,234,260
442,1325,105
443,290,195
443,444,47
443,445,114
443,446,142
444,443,47
444,5897,55
444,446,149
445,290,203
445,443,114
445,1470,239
445,282,119
446,443,142
446,444,149
446,456,108
446,449,128
447,117,181
447,120,460
447,290,240
447,448,216
447,1953,254
447,1956,157
448,447,216
448,450,118
448,449,222
449,290,240
449,446,128
449,448,222
450,448,118
450,451,88
450,452,183
451,450,88
451,455,73
452,450,183
452,453,108
452,119,139
453,452,108
453,2885,105
453,454,157
454,453,157
454,455,85
455,451,73
455,454,85
455,456,139
456,446,108
456,455,139
456,4120,69
457,91,89
457,2025,144
457,5416,213
458,185,206
458,5423,88
458,5424,141
458,5419,175
458,8412,47
459,217,114
459,460,119
459,1341,96
460,459,119
460,3241,105
460,3242,241
461,462,91
461,4372,658
461,8790,680
462,461,91
462,7591,276
462,1641,319
462,8741,28
462,8749,143
462,740,248
462,1640,439
463,737,231
463,7487,298
463,8749,210
464,4872,127
464,8741,428
464,8742,66
464,1638,503
464,1641,128
465,1601,347
465,1643,233
465,8743,39
465,8744,211
465,4311,220
466,8790,98
466,8516,1167
467,3485,104
467,8704,133
467,8778,127
468,469,75
468,1961,112
468,4741,102
468,4271,190
469,468,75
469,1959,144
469,4744,77
470,471,123
470,1746,131
470,1747,209
470,8470,279
470,1845,151
470,2069,121
471,470,123
471,5434,125
471,473,40
472,5449,227
472,5090,175
472,2098,99
472,4748,139
472,4738,155
472,4749,171
472,4747,171
472,8469,289
472,8470,115
473,471,40
473,474,170
473,475,125
474,473,170
474,2099,108
474,8444,189
475,473,125
475,5434,96
475,4737,235
476,477,210
476,478,667
477,126,4522
477,476,210
477,488,1138
478,476,667
478,489,3214
478,485,974
479,480,644
479,481,1002
479,488,2605
480,479,644
480,6269,385
480,483,878
481,479,1002
481,482,2116
481,6266,481
482,481,2116
482,566,882
482,8781,1271
483,484,1000
483,480,878
483,565,2307
484,483,1000
484,485,2718
484,6266,952
485,484,2718
485,486,623
485,478,974
486,485,623
486,610,4758
486,487,979
487,486,979
487,488,1265
487,5667,3083
488,477,1138
488,487,1265
488,479,2605
489,478,3214
489,490,1087
489,491,690
490,489,1087
490,5666,546
491,489,690
491,5056,571
491,492,854
492,5667,1003
492,491,854
493,494,136
493,495,342
493,1728,1346
493,1729,475
493,571,562
493,1616,325
494,493,136
494,1990,147
494,1611,282
495,493,342
495,1611,107
495,571,216
496,497,1162
496,2331,313
496,2330,407
496,2332,220
496,4427,216
497,496,1162
497,643,488
497,2330,1591
497,2977,368
498,8556,436
498,8611,343
498,499,524
498,5714,105
499,686,572
499,1856,328
499,498,524
499,2304,362
499,1613,477
499,3031,543
499,8556,90
500,501,159
500,502,523
501,500,159
501,2185,326
502,500,523
502,2491,1011
502,7247,375
503,1573,959
503,1574,171
503,8452,13
504,505,518
504,1974,529
504,2291,523
504,2294,419
504,1807,520
505,504,518
505,517,238
505,518,79
505,3668,599
505,2475,72
506,1975,333
506,8454,468
506,8487,1749
506,8496,168
506,3678,73
506,4932,91
506,7460,343
507,3679,953
507,3680,2480
507,8454,570
508,727,559
508,728,418
508,8447,46
508,8487,218
509,510,347
509,511,738
509,512,1855
510,509,347
510,557,794
511,509,738
511,522,373
511,6889,936
511,1187,2321
512,509,1855
512,557,1231
513,514,211
513,515,272
513,1943,168
513,1243,358
513,1945,230
514,513,211
514,1919,138
514,1920,171
514,1924,352
514,3142,87
515,513,272
515,516,87
515,1925,81
515,1947,236
515,1239,238
516,515,87
516,2963,89
517,505,238
517,4936,378
517,4933,308
517,2294,578
518,505,79
518,520,4565
518,4935,199
519,520,943
519,521,880
519,522,1137
520,518,4565
520,519,943
520,2474,1338
520,2475,4554
521,519,880
521,1187,2522
521,2472,827
522,511,373
522,519,1137
522,2474,983
523,524,107
523,1554,286
523,1557,286
524,523,107
524,1560,321
524,1561,309
525,527,333
525,8250,571
525,8339,43
526,1447,519
526,7574,407
526,8337,744
527,525,333
527,4779,50
527,4780,354
527,8250,241
528,529,242
528,530,77
528,5429,120
528,5430,74
528,5149,94
529,528,242
529,4776,585
530,528,77
530,5149,74
531,187,92
531,189,274
531,534,311
532,189,399
532,534,272
532,5268,214
532,2417,428
533,86,222
533,187,157
533,87,125
534,531,311
534,532,272
534,1763,171
534,8334,242
535,537,309
535,5661,339
535,8486,21
535,8495,506
536,1379,293
536,8495,56
537,535,309
537,1720,171
537,1966,663
537,8495,277
537,4376,181
537,5330,205
537,8494,316
538,539,672
538,540,825
538,602,3322
539,538,672
539,2425,811
539,541,232
539,551,929
540,538,825
540,556,2100
540,544,433
541,539,232
541,542,214
541,8815,601
542,541,214
542,7166,280
542,8818,393
542,547,213
543,8806,357
543,8807,237
544,545,895
544,540,433
544,555,166
544,562,136
545,544,895
545,558,3112
545,551,681
546,547,107
546,548,182
546,2427,247
547,546,107
547,542,213
547,8818,604
548,546,182
548,554,73
548,555,133
549,8486,49
549,4707,250
549,8481,540
550,2289,297
550,1441,213
550,8495,138
551,539,929
551,545,681
551,6187,2193
552,553,463
552,8481,473
552,8464,31
553,552,463
553,1957,460
553,4269,527
553,4270,78
553,8481,24
553,4707,344
553,8464,491
553,8482,233
554,548,73
554,562,92
554,555,61
554,8818,858
555,548,133
555,554,61
555,544,166
556,540,2100
556,783,917
557,510,794
557,512,1231
557,6889,1091
558,545,3112
558,599,394
559,315,52
559,346,573
559,560,131
560,315,179
560,559,131
560,5325,155
561,315,53
561,4727,159
561,1733,187
562,554,92
562,544,136
562,2424,687
563,564,125
563,573,921
563,1505,407
564,563,125
564,565,739
564,566,1032
565,564,739
565,483,2307
565,574,951
566,482,882
566,564,1032
566,597,8174
567,568,960
567,569,477
567,8781,21
568,567,960
568,570,158
568,3514,384
568,3586,333
568,1505,266
568,1503,972
568,573,604
568,2225,321
569,567,477
569,1503,64
569,1505,585
570,568,158
570,2225,162
570,2226,716
571,495,216
571,493,562
571,1619,235
571,8536,40
571,8537,199
571,756,540
572,2927,108
572,2928,349
572,8537,210
572,2009,1091
573,563,921
573,568,604
573,4835,44
574,565,951
574,8781,523
574,587,7815
575,8736,203
575,8735,56
575,3515,118
576,8687,21
576,8695,18
576,8719,362
577,578,349
577,579,325
577,662,461
578,577,349
578,660,63
578,703,390
579,577,325
579,685,325
579,683,285
580,581,743
580,2664,116
580,7364,105
581,580,743
581,5065,448
581,2663,847
582,583,256
582,584,761
582,589,421
583,582,256
583,587,292
583,588,779
584,582,761
584,595,448
584,588,184
585,586,571
585,587,641
585,590,684
586,585,571
586,592,342
586,589,678
587,583,292
587,585,641
587,574,7815
588,583,779
588,584,184
588,593,626
589,586,678
589,582,421
589,8613,2747
590,591,1342
590,585,684
590,2183,1780
591,590,1342
591,8613,2828
591,594,838
592,586,342
592,597,546
593,588,626
593,594,761
594,593,761
594,591,838
594,598,579
595,584,448
595,2184,1894
595,598,906
596,4016,703
596,1571,1112
596,8616,1134
597,566,8174
597,592,546
597,598,307
598,597,307
598,594,579
598,595,906
599,558,394
599,603,1352
599,606,965
600,601,432
601,600,432
601,4566,3720
601,603,567
602,538,3322
602,605,237
603,599,1352
603,601,567
604,605,1142
605,604,1142
605,602,237
605,608,550
606,599,965
607,608,1195
607,609,505
607,4563,3935
608,607,1195
608,605,550
609,607,505
610,486,4758
610,125,579
610,732,677
611,612,132
611,6939,124
611,6940,243
611,5771,376
611,3909,376
611,7581,296
612,611,132
612,6168,290
612,3909,254
613,614,1388
613,615,449
613,4564,1969
614,613,1388
614,8252,6352
614,7370,888
615,613,449
615,7373,574
615,7372,494
616,617,223
616,4723,111
616,4724,318
616,8272,532
616,2786,496
616,8285,39
617,616,223
617,4053,541
617,1116,441
618,4053,343
618,4054,287
618,4725,193
618,8284,32
618,5683,254
619,620,256
619,8625,256
619,8641,875
619,8574,506
620,619,256
620,6833,126
620,6834,405
620,3088,119
621,201,549
621,622,58
621,623,254
622,621,58
622,1112,524
622,1107,1066
623,621,254
623,8211,386
624,625,171
624,2155,338
624,8213,61
624,7241,177
624,8210,671
625,624,171
625,7242,352
625,1113,161
626,627,63
626,628,56
626,629,257
626,1348,390
627,626,63
627,1105,172
627,8052,81
627,1059,298
628,626,56
628,1347,443
628,8118,93
629,626,257
629,1096,193
629,1060,155
630,632,942
630,8213,367
630,633,341
631,2618,61
631,4051,1152
631,8210,320
631,8213,1031
632,630,942
632,1076,156
632,2155,346
633,630,341
633,8213,683
633,8060,352
634,1577,265
634,3067,264
634,3069,351
634,8610,362
634,8571,79
634,8644,311
634,1803,120
634,3093,205
634,4657,305
635,1798,57
635,8558,140
635,8584,34
635,8644,210
636,637,61
636,8571,288
636,2442,204
637,636,61
637,4686,336
638,2567,975
638,2568,1315
638,8559,94
638,8563,581
639,3031,983
639,8563,21
639,3029,115
640,641,85
640,6694,212
640,1631,596
641,640,85
641,1631,511
641,6694,692
642,643,769
642,644,326
642,645,90
642,653,445
642,655,238
642,1632,103
643,497,488
643,642,769
643,3136,295
643,1361,204
643,653,449
644,642,326
644,6694,124
644,1632,209
645,642,90
645,646,178
645,1632,156
646,645,178
646,2969,117
646,2970,181
647,648,210
647,649,235
647,1578,1108
647,8524,173
647,8629,229
647,1934,650
648,647,210
648,7135,80
648,4669,177
649,647,235
649,4669,279
649,4670,287
650,652,118
650,653,374
650,654,351
650,8626,411
650,7766,115
651,2989,684
651,8549,208
651,8626,227
651,1933,215
652,650,118
652,2969,60
653,642,445
653,650,374
653,1935,187
653,655,211
653,1633,165
653,643,449
653,1364,464
653,3136,133
654,650,351
654,2986,116
654,2988,230
654,8529,50
655,653,211
655,642,238
655,3136,308
656,144,387
656,6298,76
656,15,160
657,154,636
657,1681,346
657,8425,1236
657,8527,56
657,4600,332
658,659,115
658,8527,185
659,658,115
659,4668,358
659,8528,207
660,578,63
660,680,244
660,681,274
661,662,371
661,709,735
661,4833,864
661,8686,15
661,8696,555
661,8714,384
662,661,371
662,577,461
662,684,453
663,7897,191
663,665,204
663,8686,366
664,665,159
664,666,179
664,668,228
664,667,542
664,2819,335
665,663,204
665,664,159
665,7898,175
666,664,179
666,7898,144
666,2819,153
667,664,542
667,672,130
667,8678,227
668,664,228
668,669,578
668,670,246
669,668,578
669,670,517
669,5335,331
670,668,246
670,669,517
670,672,469
671,672,624
671,673,151
671,3289,145
672,667,130
672,670,469
672,671,624
673,671,151
673,3457,329
673,3531,321
674,675,332
674,676,139
674,2343,200
675,674,332
675,681,555
675,679,434
676,674,139
676,710,549
676,716,740
677,678,269
677,679,289
677,680,231
678,677,269
678,5333,47
678,8686,138
679,675,434
679,677,289
679,683,315
679,684,227
679,8702,382
680,660,244
680,677,231
680,8702,306
681,660,274
681,675,555
681,8702,85
682,8702,17
682,8785,397
683,679,315
683,579,285
683,703,374
684,662,453
684,679,227
684,8656,356
685,579,325
685,2341,164
685,7225,89
686,499,572
686,7444,305
686,8563,976
687,688,146
687,689,430
687,690,356
688,687,146
688,7896,324
689,687,430
689,691,319
689,692,142
690,687,356
690,6205,483
690,7896,174
690,693,284
691,689,319
691,4858,871
691,8550,80
691,8594,21
691,6604,1423
692,689,142
692,8618,85
693,690,284
693,694,832
693,4553,504
693,4552,226
694,693,832
694,695,440
694,2658,912
694,4550,157
695,694,440
695,696,510
696,695,510
696,697,445
696,698,335
697,696,445
697,702,150
697,5286,339
698,696,335
698,700,165
698,5285,234
699,700,256
699,8560,472
700,698,165
700,699,256
700,5285,244
701,4553,654
701,4546,41
701,8560,62
701,5289,125
702,697,150
702,5284,327
702,2657,739
703,683,374
703,578,390
703,8656,135
704,705,217
704,7143,111
705,704,217
705,710,64
705,711,393
705,709,111
706,8617,428
706,8657,182
706,8656,509
707,708,427
707,709,224
708,707,427
708,5276,69
708,5278,55
708,8653,60
708,8656,95
709,661,735
709,705,111
709,707,224
709,710,96
709,712,379
709,715,194
710,676,549
710,705,64
710,709,96
710,8702,360
711,705,393
711,7225,248
711,7226,112
712,709,379
712,5333,231
712,5334,364
713,716,833
713,715,512
713,2819,340
713,8785,115
713,721,128
713,8702,312
714,8785,96
714,8702,314
715,713,512
715,709,194
716,676,740
716,713,833
716,2344,318
716,770,332
716,8659,353
717,718,279
717,719,642
717,8717,445
717,720,444
718,717,279
718,770,396
718,772,380
719,717,642
719,769,334
719,2351,63
719,4293,750
720,717,444
720,8717,10
720,772,243
720,8785,495
721,713,128
721,8788,291
722,723,314
722,2842,183
722,3263,536
722,8674,364
722,2843,363
722,6213,193
723,722,314
723,746,220
723,747,214
724,725,506
724,726,419
724,2367,1677
724,8699,343
725,724,506
725,6159,415
725,8727,22
726,724,419
726,8662,136
727,508,559
727,3669,408
727,728,492
727,6319,281
728,508,418
728,727,492
728,4945,389
728,3671,335
729,730,294
729,2817,1062
729,3007,419
729,8769,580
730,729,294
730,126,805
730,732,299
731,125,236
731,2314,79
731,8769,627
732,610,677
732,730,299
732,734,8074
733,3007,292
733,8740,201
733,8774,19
733,749,919
734,732,8074
734,123,723
734,1506,411
735,736,44
735,737,108
735,4243,78
736,735,44
736,8778,193
737,463,231
737,735,108
737,1636,123
737,1640,122
737,1642,441
737,1639,93
737,2812,235
737,4243,122
738,739,1238
738,740,345
738,1288,479
738,1289,404
738,7826,143
739,738,1238
739,1291,239
739,8750,435
739,8728,31
740,738,345
740,7487,218
740,462,248
741,742,271
741,3263,432
742,741,271
742,743,709
742,744,260
742,745,390
743,742,709
743,8755,47
743,8756,274
744,742,260
744,749,547
744,8765,313
744,8767,358
744,3251,389
744,8766,34
745,742,390
745,3251,278
745,3263,275
745,747,317
746,723,220
746,7625,285
746,2818,84
746,8769,288
747,723,214
747,745,317
747,7625,288
748,3008,495
748,8755,187
748,8764,35
748,8765,407
748,8754,47
749,744,547
749,733,919
749,3264,332
749,4871,547
750,280,260
750,751,150
750,752,238
751,750,150
751,7230,213
751,8531,94
752,750,238
752,1994,175
752,8536,290
753,281,117
753,4485,177
753,8441,155
754,755,75
754,761,146
754,1867,448
754,4544,220
755,754,75
755,1603,127
755,7229,250
755,761,225
756,1908,189
756,1909,421
756,571,540
756,8532,24
756,1624,460
756,7443,113
757,1995,207
757,1994,461
757,8532,74
758,759,170
758,760,316
758,8436,12
758,8534,88
759,758,170
759,7229,209
759,8531,107
760,758,316
760,761,71
760,762,220
760,1910,113
760,8436,319
760,5155,374
761,754,146
761,755,225
761,760,71
762,760,220
762,763,165
762,4545,47
763,762,165
763,7228,75
763,4545,201
764,765,316
764,766,878
764,2345,216
764,8659,61
764,4985,65
764,4986,877
764,5060,521
765,764,316
765,7236,344
765,5618,241
765,4984,130
766,764,878
766,1909,58
766,2929,309
767,273,738
767,8435,10
767,8438,32
768,4540,88
768,4542,142
768,4543,150
768,1682,198
768,8435,346
769,719,334
769,770,344
769,771,240
769,4917,208
769,2351,335
769,2345,234
770,716,332
770,718,396
770,769,344
771,769,240
771,2345,49
771,8659,198
772,718,380
772,720,243
772,8785,254
773,774,5461
773,775,403
773,782,822
774,773,5461
774,1667,360
774,1652,1475
775,13,105
775,779,844
775,773,403
776,14,370
776,777,772
776,780,71
777,776,772
777,1568,70
777,8796,143
778,779,594
778,780,887
778,8796,412
779,775,844
779,778,594
779,781,1686
780,778,887
780,776,71
780,782,691
781,779,1686
781,6187,964
782,780,691
782,773,822
782,783,1645
783,556,917
783,782,1645
784,369,64
784,2405,74
784,8053,205
784,1139,155
784,5627,105
785,369,156
785,2684,79
785,1139,59
785,3295,118
786,369,242
786,8114,28
786,2684,115
787,4855,142
787,922,440
787,8153,40
787,4851,200
788,1846,155
788,1847,190
788,8162,223
789,790,125
789,4505,141
789,8109,39
789,5031,271
789,8053,383
790,789,125
790,5031,156
790,5032,301
791,7394,298
791,8069,52
791,8074,398
791,6289,278
792,6294,207
792,1135,264
792,8124,508
793,794,363
793,795,349
793,799,598
793,7163,551
793,7164,426
793,8099,48
794,793,363
794,7194,322
794,8100,465
795,793,349
795,7930,252
795,1042,324
795,7194,346
796,797,430
796,798,447
796,925,496
796,2022,296
796,926,219
797,796,430
797,928,253
797,807,337
798,796,447
798,817,157
798,1166,246
798,8165,543
798,2358,278
798,8090,504
799,793,598
799,800,493
799,801,294
799,802,201
800,799,493
800,819,504
800,811,332
800,8179,27
801,799,294
801,811,388
801,814,329
801,5639,204
802,799,201
802,5639,306
803,804,50
803,805,610
803,806,535
803,1103,675
804,803,50
804,4973,395
804,4447,487
804,7395,132
805,803,610
805,6290,172
805,8132,501
806,803,535
806,1098,149
806,1099,562
806,1100,140
807,797,337
807,809,443
807,924,512
807,8181,28
808,824,243
808,820,272
808,8165,25
808,8181,481
809,807,443
809,823,114
809,8163,446
809,8182,41
809,937,329
810,811,321
810,812,152
810,813,311
810,814,275
811,800,332
811,801,388
811,810,321
812,810,152
812,821,349
813,810,311
813,936,127
813,8161,54
814,801,329
814,810,275
814,935,284
814,8177,119
815,816,329
815,4446,266
815,2023,365
815,8090,35
815,2021,168
815,4968,212
816,815,329
816,1103,158
817,798,157
817,4850,125
818,7164,439
818,827,401
818,8180,36
818,8179,637
818,8100,42
819,800,504
819,826,856
819,821,646
819,8184,25
820,808,272
820,825,228
820,1164,686
820,4850,406
820,8165,270
820,7159,280
821,812,349
821,819,646
821,822,493
821,8183,28
822,821,493
822,941,314
822,942,247
822,8166,44
822,939,442
823,809,114
823,8016,244
823,8183,304
824,808,243
824,825,288
824,7576,143
824,939,237
825,820,228
825,824,288
825,1147,429
825,1149,502
826,819,856
826,829,221
826,8180,410
826,8101,43
827,818,401
827,7194,464
827,947,684
827,7633,302
828,4444,172
828,830,189
828,4445,348
828,8184,479
828,3860,417
828,8167,44
829,826,221
829,831,499
829,3860,705
829,8112,62
829,4848,400
829,4849,440
830,828,189
830,2390,464
830,1169,299
831,829,499
831,962,569
831,6367,91
831,4848,92
831,3859,401
831,963,67
831,2174,387
831,7193,89
832,833,406
832,957,783
832,4443,132
832,989,504
832,835,1349
832,972,510
832,5636,306
833,832,406
833,968,317
833,957,724
833,965,424
834,835,117
834,4442,193
834,4441,384
834,4443,1339
834,5645,237
834,7577,115
835,834,117
835,832,1349
835,7578,44
836,837,172
836,8329,211
837,836,172
837,838,181
837,839,302
837,4130,125
837,4131,392
837,5646,314
838,837,181
838,1719,165
838,1718,109
838,6079,1793
839,837,302
839,8805,235
840,5646,263
840,4131,1286
840,8805,21
840,8814,168
841,842,202
841,843,60
841,8805,246
842,841,202
842,1704,186
842,1719,151
843,841,60
843,5156,66
843,1716,47
844,2882,163
844,8816,155
845,2881,1003
845,8866,404
846,847,254
846,848,724
846,849,1366
847,846,254
847,6012,240
847,853,505
848,846,724
848,850,149
848,851,150
849,846,1366
849,7380,316
849,6188,127
849,8843,526
850,848,149
850,852,129
850,851,111
851,848,150
851,850,111
851,5007,1349
852,850,129
852,853,364
852,855,473
853,847,505
853,852,364
853,854,445
854,853,445
854,5006,295
854,857,606
854,8849,439
854,7847,104
855,852,473
855,858,190
855,8849,26
855,2427,1108
856,861,402
856,8828,365
857,854,606
857,7846,235
857,4254,589
858,855,190
858,2427,920
858,4254,545
859,861,492
859,8848,20
860,8811,17
860,8812,31
860,8828,326
860,5006,224
861,856,402
861,859,492
861,7852,312
861,8801,311
862,863,308
862,975,402
862,8819,922
863,862,308
863,7166,1128
863,8829,638
863,979,801
864,865,90
864,4254,409
864,6200,263
865,864,90
865,6195,577
865,975,621
866,867,951
866,868,300
866,7213,675
866,8848,612
866,7211,93
867,866,951
867,6252,289
867,7215,414
868,866,300
868,885,1267
868,7856,161
868,7211,207
868,7210,212
869,3967,314
869,8283,12
869,8288,41
869,870,504
870,1851,498
870,1853,423
870,869,504
870,8322,376
870,8283,505
871,1841,301
871,7121,120
871,7636,511
871,8289,28
872,6370,396
872,7177,451
872,3995,224
873,874,44
873,8326,195
873,2361,181
874,873,44
874,6370,418
874,8326,154
875,8327,808
875,8326,239
876,7179,345
876,7218,473
876,8279,258
876,7511,269
876,8326,315
877,878,763
877,969,402
877,8273,57
877,8280,36
877,8281,504
877,8351,64
878,877,763
878,883,151
878,884,211
878,8281,244
878,8349,257
878,5228,256
879,880,832
879,881,638
879,7610,92
879,8359,35
879,5243,187
880,879,832
880,6342,194
880,6247,80
881,879,638
881,1854,254
881,1855,83
881,3977,458
882,5251,219
882,8373,185
882,8274,130
883,878,151
883,7524,177
883,967,288
884,878,211
884,7524,110
884,4441,650
885,868,1267
885,886,174
885,887,405
885,7210,1054
885,4255,438
886,885,174
886,6197,53
886,7482,379
887,885,405
887,6200,386
887,7482,233
888,889,422
888,890,88
889,888,422
889,891,97
889,895,1219
890,888,88
890,891,433
890,8820,616
891,889,97
891,890,433
891,898,1324
892,893,1247
892,894,193
893,892,1247
893,6199,508
893,6192,464
893,7744,1078
894,892,193
894,6498,107
894,6499,334
894,6497,373
895,889,1219
895,896,1415
895,897,1737
896,895,1415
896,5720,316
897,895,1737
898,891,1324
898,6203,1510
898,6189,79
899,900,213
899,901,491
899,6519,402
899,6262,392
899,6500,757
900,899,213
900,902,451
900,903,724
901,899,491
901,902,221
901,6500,266
902,900,451
902,901,221
902,904,586
902,908,288
903,900,724
903,6504,246
903,6517,1356
903,6518,464
904,902,586
904,6503,81
904,6510,295
905,906,356
905,907,492
905,908,363
905,909,164
906,905,356
906,980,491
906,908,734
907,905,492
907,6494,516
907,6495,190
907,909,392
908,902,288
908,905,363
908,906,734
909,905,164
909,907,392
909,6496,67
910,911,189
910,5188,308
910,2181,496
911,910,189
911,5928,531
911,5715,378
912,915,1472
912,5726,1971
913,914,614
913,4560,427
913,7167,216
913,7168,163
914,913,614
914,915,118
915,912,1472
915,914,118
915,5726,364
916,8343,25
917,918,116
917,919,313
917,920,294
918,917,116
918,6550,234
918,6848,141
919,917,313
919,2903,115
919,6717,417
920,917,294
920,6558,106
920,6847,298
921,6941,217
921,6939,1675
921,8343,129
922,787,440
922,4851,262
922,4925,297
